30
taxon1     0.0000000 1.0509290 1.5875736 3.3933817 2.1478395 1.2616845 1.0190818 1.0762204 0.9313080 1.2464111 0.9455313 2.7333467 4.5344896 2.6719713 2.5652600 3.0822792 1.8486732 4.6094103 2.3033596 2.1727733 1.6523475 1.2716326 1.7212990 2.9396064 3.3130273 1.5127504 1.6907762 2.9123855 2.1320509 1.2940920 
taxon2     1.0509290 0.0000000 0.8385110 2.9135928 1.6923377 1.1665685 1.4366028 1.5111909 1.0402802 1.1254147 1.1353937 3.2090021 4.4451473 6.1947249 2.9648489 5.4837677 2.7492048 3.1700569 2.6021268 2.7921812 2.4175179 2.0968034 2.5267931 2.5508880 3.4627876 2.0474478 3.3558808 5.3122505 2.8367034 3.6166247 
taxon3     1.5875736 0.8385110 0.0000000 4.5218096 3.8773074 1.6809940 1.7763480 1.5760127 1.0765023 1.6146959 1.4655339 3.6811259 8.9999983 8.9999983 4.1247272 7.4487220 3.1634289 8.9999986 4.1498761 4.2309040 3.6118681 5.9249168 3.5130623 3.2343944 4.3223803 2.4807021 3.1771608 3.0797582 3.5748096 2.5549213 
taxon4     3.3933817 2.9135928 4.5218096 0.0000000 1.1656460 1.1365151 4.7910593 5.0857008 4.1587266 3.4829803 3.3286749 5.4612221 8.9999983 5.2468279 4.0663058 4.2467841 2.9664051 5.2478060 4.7967126 4.6078677 4.4337022 6.1096564 4.3352161 8.0025725 4.0289409 2.9655692 4.1017577 5.7408568 5.2660599 5.8174693 
taxon5     2.1478395 1.6923377 3.8773074 1.1656460 0.0000000 1.0463103 5.6133835 5.4820322 4.1070602 3.9089530 3.5624057 7.0180951 7.1347427 6.5809117 5.2022371 7.3481078 4.6102386 6.7661930 5.1316792 4.5337507 4.2057062 4.6613332 4.4724511 8.9999983 4.8048922 4.8299237 3.3740499 8.9999984 6.4829956 4.1563002 
taxon6     1.2616845 1.1665685 1.6809940 1.1365151 1.0463103 0.0000000 1.6403480 1.7003148 1.5613063 1.4374456 1.7468759 8.9999988 8.9999981 8.9999982 4.0413316 6.5158811 4.0812099 5.0223271 3.2913664 2.7692890 3.1072751 4.1559754 2.4616986 5.8408167 2.6252574 2.5685723 2.3331789 2.9307119 4.2253936 1.8810440 
taxon7     1.0190818 1.4366028 1.7763480 4.7910593 5.6133835 1.6403480 0.0000000 0.1867929 0.3981400 1.2672199 1.8925697 4.3194611 8.9999988 3.5723116 3.8080590 4.3080979 2.0879896 4.7451289 2.9221694 2.1204809 2.9326666 3.1021423 2.5869279 5.8229193 5.2339637 2.6497396 3.8803352 4.1116254 2.3343081 4.1101404 
taxon8     1.0762204 1.5111909 1.5760127 5.0857008 5.4820322 1.7003148 0.1867929 0.0000000 0.4669616 1.5601768 1.8949629 4.0574593 8.9999982 3.1679193 2.4004205 4.8089131 1.3440806 5.3102617 2.9284591 2.4650915 2.5430026 3.6234188 3.3414710 3.4317325 6.7685213 2.5042243 2.8726719 4.0158632 2.4322232 4.0553428 
taxon9     0.9313080 1.0402802 1.0765023 4.1587266 4.1070602 1.5613063 0.3981400 0.4669616 0.0000000 1.3204886 1.7849412 3.1524398 8.9999988 4.4612989 4.4171267 4.0428584 2.5101822 4.8016745 4.3116960 4.2139821 3.1899300 3.0505665 2.3022312 2.6424800 3.6377667 2.7073491 2.7839575 4.6152128 2.7037939 3.0176239 
taxon10    1.2464111 1.1254147 1.6146959 3.4829803 3.9089530 1.4374456 1.2672199 1.5601768 1.3204886 0.0000000 1.3258755 3.7500590 4.9730840 4.4799754 3.2921755 2.6173262 2.2559126 2.3694484 1.8875102 1.4286061 1.9676939 1.5635378 1.2001357 3.3589199 2.3688539 1.0772470 2.1667281 3.6775906 2.2467410 2.7432589 
taxon11    0.9455313 1.1353937 1.4655339 3.3286749 3.5624057 1.7468759 1.8925697 1.8949629 1.7849412 1.3258755 0.0000000 1.9260166 2.5431552 4.0780366 1.8319645 1.9527842 1.5737836 1.7959980 1.0472287 1.2598390 0.9716650 1.3055760 1.3409831 4.3285847 2.1370031 0.7780240 1.3850194 1.8556725 0.9994276 1.0205906 
taxon12    2.7333467 3.2090021 3.6811259 5.4612221 7.0180951 8.9999988 4.3194611 4.0574593 3.1524398 3.7500590 1.9260166 0.0000000 1.6206253 1.3573235 0.6771004 1.2665818 0.8421818 1.7778802 1.5427703 2.8947346 1.6817088 3.0277211 3.7143609 3.3902538 4.8198740 3.6361897 3.3854498 3.4635482 6.0079343 1.9599923 
taxon13    4.5344896 4.4451473 8.9999983 8.9999983 7.1347427 8.9999981 8.9999988 8.9999982 8.9999988 4.9730840 2.5431552 1.6206253 0.0000000 1.0376519 1.8487999 2.7366086 2.6670552 2.8437731 3.8825133 4.9508850 4.3903742 3.6212222 3.1774580 8.1475463 3.9541412 3.5328634 3.9696967 4.3167240 5.4028981 3.9782586 
taxon14    2.6719713 6.1947249 8.9999983 5.2468279 6.5809117 8.9999982 3.5723116 3.1679193 4.4612989 4.4799754 4.0780366 1.3573235 1.0376519 0.0000000 0.9666221 1.0466889 1.0505393 2.0173728 2.8066951 3.3907576 2.5249354 3.5457059 2.9791662 6.8718400 5.7943499 2.8328000 3.7199329 3.4227592 4.7657960 3.5392159 
taxon15    2.5652600 2.9648489 4.1247272 4.0663058 5.2022371 4.0413316 3.8080590 2.4004205 4.4171267 3.2921755 1.8319645 0.6771004 1.8487999 0.9666221 0.0000000 0.9475662 0.4906587 1.1072605 1.7543847 1.8366181 1.4273419 3.0287688 2.9963466 3.8163467 4.0913730 2.0801798 2.0611384 2.0703636 3.1538476 2.0440489 
taxon16    3.0822792 5.4837677 7.4487220 4.2467841 7.3481078 6.5158811 4.3080979 4.8089131 4.0428584 2.6173262 1.9527842 1.2665818 2.7366086 1.0466889 0.9475662 0.0000000 0.5666733 1.7184564 1.6095100 1.7508713 1.6579519 2.6917536 3.8477388 5.8680701 4.3577724 2.4279561 2.7154591 3.2376473 3.7376371 2.7579303 
taxon17    1.8486732 2.7492048 3.1634289 2.9664051 4.6102386 4.0812099 2.0879896 1.3440806 2.5101822 2.2559126 1.5737836 0.8421818 2.6670552 1.0505393 0.4906587 0.5666733 0.0000000 1.4181415 1.3128790 1.5323957 1.3527905 2.7736645 4.4782272 3.1530212 6.9529427 2.0156991 2.1064204 3.8079389 2.4425020 3.1824740 
taxon18    4.6094103 3.1700569 8.9999986 5.2478060 6.7661930 5.0223271 4.7451289 5.3102617 4.8016745 2.3694484 1.7959980 1.7778802 2.8437731 2.0173728 1.1072605 1.7184564 1.4181415 0.0000000 1.4986705 1.9138528 1.5697920 2.7477131 2.5752294 3.1806614 3.2323217 2.5829265 3.1252182 4.3606436 3.0905838 2.8272775 
taxon19    2.3033596 2.6021268 4.1498761 4.7967126 5.1316792 3.2913664 2.9221694 2.9284591 4.3116960 1.8875102 1.0472287 1.5427703 3.8825133 2.8066951 1.7543847 1.6095100 1.3128790 1.4986705 0.0000000 0.3946251 0.2452433 1.5955660 2.0218710 3.2956713 3.5019139 1.3806858 2.6501631 3.6778037 2.3600168 2.2624488 
taxon20    2.1727733 2.7921812 4.2309040 4.6078677 4.5337507 2.7692890 2.1204809 2.4650915 4.2139821 1.4286061 1.2598390 2.8947346 4.9508850 3.3907576 1.8366181 1.7508713 1.5323957 1.9138528 0.3946251 0.0000000 0.4872379 1.6346511 1.8457588 5.4176273 3.7501605 1.3350995 2.6793280 2.5819237 1.6615247 1.9651240 
taxon21    1.6523475 2.4175179 3.6118681 4.4337022 4.2057062 3.1072751 2.9326666 2.5430026 3.1899300 1.9676939 0.9716650 1.6817088 4.3903742 2.5249354 1.4273419 1.6579519 1.3527905 1.5697920 0.2452433 0.4872379 0.0000000 1.2227834 1.5315881 3.2543659 3.5981901 1.3625726 2.6647089 3.2995872 2.3271378 1.7598756 
taxon22    1.2716326 2.0968034 5.9249168 6.1096564 4.6613332 4.1559754 3.1021423 3.6234188 3.0505665 1.5635378 1.3055760 3.0277211 3.6212222 3.5457059 3.0287688 2.6917536 2.7736645 2.7477131 1.5955660 1.6346511 1.2227834 0.0000000 1.3014705 2.3835833 2.2452154 1.2390548 1.4812302 2.0029626 2.4123200 1.7856649 
taxon23    1.7212990 2.5267931 3.5130623 4.3352161 4.4724511 2.4616986 2.5869279 3.3414710 2.3022312 1.2001357 1.3409831 3.7143609 3.1774580 2.9791662 2.9963466 3.8477388 4.4782272 2.5752294 2.0218710 1.8457588 1.5315881 1.3014705 0.0000000 1.3387727 0.5358863 0.8288724 1.4201795 1.5898612 1.3055824 1.9033896 
taxon24    2.9396064 2.5508880 3.2343944 8.0025725 8.9999983 5.8408167 5.8229193 3.4317325 2.6424800 3.3589199 4.3285847 3.3902538 8.1475463 6.8718400 3.8163467 5.8680701 3.1530212 3.1806614 3.2956713 5.4176273 3.2543659 2.3835833 1.3387727 0.0000000 0.8288578 2.3408748 2.2371269 4.0416035 4.0963751 2.3188863 
taxon25    3.3130273 3.4627876 4.3223803 4.0289409 4.8048922 2.6252574 5.2339637 6.7685213 3.6377667 2.3688539 2.1370031 4.8198740 3.9541412 5.7943499 4.0913730 4.3577724 6.9529427 3.2323217 3.5019139 3.7501605 3.5981901 2.2452154 0.5358863 0.8288578 0.0000000 2.2573871 1.7958829 1.8254929 4.5656364 1.8182963 
taxon26    1.5127504 2.0474478 2.4807021 2.9655692 4.8299237 2.5685723 2.6497396 2.5042243 2.7073491 1.0772470 0.7780240 3.6361897 3.5328634 2.8328000 2.0801798 2.4279561 2.0156991 2.5829265 1.3806858 1.3350995 1.3625726 1.2390548 0.8288724 2.3408748 2.2573871 0.0000000 1.2056675 1.4824268 1.1425046 1.1441606 
taxon27    1.6907762 3.3558808 3.1771608 4.1017577 3.3740499 2.3331789 3.8803352 2.8726719 2.7839575 2.1667281 1.3850194 3.3854498 3.9696967 3.7199329 2.0611384 2.7154591 2.1064204 3.1252182 2.6501631 2.6793280 2.6647089 1.4812302 1.4201795 2.2371269 1.7958829 1.2056675 0.0000000 1.1792305 1.1760911 1.0343561 
taxon28    2.9123855 5.3122505 3.0797582 5.7408568 8.9999984 2.9307119 4.1116254 4.0158632 4.6152128 3.6775906 1.8556725 3.4635482 4.3167240 3.4227592 2.0703636 3.2376473 3.8079389 4.3606436 3.6778037 2.5819237 3.2995872 2.0029626 1.5898612 4.0416035 1.8254929 1.4824268 1.1792305 0.0000000 1.5343328 1.4198931 
taxon29    2.1320509 2.8367034 3.5748096 5.2660599 6.4829956 4.2253936 2.3343081 2.4322232 2.7037939 2.2467410 0.9994276 6.0079343 5.4028981 4.7657960 3.1538476 3.7376371 2.4425020 3.0905838 2.3600168 1.6615247 2.3271378 2.4123200 1.3055824 4.0963751 4.5656364 1.1425046 1.1760911 1.5343328 0.0000000 0.8524855 
taxon30    1.2940920 3.6166247 2.5549213 5.8174693 4.1563002 1.8810440 4.1101404 4.0553428 3.0176239 2.7432589 1.0205906 1.9599923 3.9782586 3.5392159 2.0440489 2.7579303 3.1824740 2.8272775 2.2624488 1.9651240 1.7598756 1.7856649 1.9033896 2.3188863 1.8182963 1.1441606 1.0343561 1.4198931 0.8524855 0.0000000 
